{
  "advancedEditorSelectedIdentifier" : "ProjectBrowser",
  "openSceneRelativePaths" : [
    "newOpponent.usda",
    "homeScene.usda"
  ],
  "recentIdentifiers" : {
    "23E03B91-7467-4E10-B182-D1E5AA9501B4" : [

    ],
    "32BDEAE5-0742-4AD2-9BED-4353A21B4D3A" : [

    ],
    "8925AAD9-E250-416C-BD0D-1476345B3A22" : [

    ],
    "1811953E-20D8-406A-B350-AA033838F692" : [

    ]
  },
  "sceneCameraHistory" : {
    "0C988722-7D64-431E-9573-7E390CCDF286" : [
      {
        "date" : 716782981.733553,
        "title" : "Untitled",
        "transform" : [
          1,
          0,
          0,
          0,
          0,
          0.8660254,
          -0.5,
          0,
          0,
          0.5,
          0.8660254,
          0,
          0,
          0.21593873,
          0.3740169,
          1
        ]
      }
    ],
    "23E03B91-7467-4E10-B182-D1E5AA9501B4" : [
      {
        "date" : 722328456.533835,
        "title" : "Untitled",
        "transform" : [
          0.9999908,
          -4.3293644e-09,
          -0.0042956076,
          0,
          -0.0007380669,
          0.9851294,
          -0.17181231,
          0,
          0.004231646,
          0.1718141,
          0.9851203,
          0,
          -0.20158932,
          6.8491416,
          6.255335,
          1
        ]
      },
      {
        "date" : 722328455.003611,
        "title" : "Untitled",
        "transform" : [
          0.9999908,
          -4.3293644e-09,
          -0.0042956076,
          0,
          -0.0007380669,
          0.9851294,
          -0.17181231,
          0,
          0.004231646,
          0.1718141,
          0.9851203,
          0,
          -0.048772544,
          5.2061553,
          6.5412292,
          1
        ]
      },
      {
        "date" : 722328445.234334,
        "title" : "Untitled",
        "transform" : [
          0.9999908,
          -4.3293644e-09,
          -0.0042956076,
          0,
          -0.0007380669,
          0.9851294,
          -0.17181231,
          0,
          0.004231646,
          0.1718141,
          0.9851203,
          0,
          0.10618045,
          6.8121867,
          6.2604575,
          1
        ]
      },
      {
        "date" : 722327781.035257,
        "title" : "Untitled",
        "transform" : [
          0.9999908,
          -4.3293644e-09,
          -0.0042956076,
          0,
          -0.0007380669,
          0.9851294,
          -0.17181231,
          0,
          0.004231646,
          0.1718141,
          0.9851203,
          0,
          0.10089085,
          6.5974174,
          5.02906,
          1
        ]
      },
      {
        "date" : 721625705.020635,
        "title" : "Untitled",
        "transform" : [
          0.9999908,
          -4.3293644e-09,
          -0.0042956076,
          0,
          -0.0007380669,
          0.9851294,
          -0.17181231,
          0,
          0.004231646,
          0.1718141,
          0.9851203,
          0,
          0.099092364,
          6.524392,
          4.6103826,
          1
        ]
      },
      {
        "date" : 721625691.606813,
        "title" : "Untitled",
        "transform" : [
          0.9999502,
          -4.1844768e-09,
          -0.009987662,
          0,
          0.006009341,
          0.79873806,
          0.6016488,
          0,
          0.00797744,
          -0.60167867,
          0.79869837,
          0,
          0.115351915,
          3.9428787,
          4.5143986,
          1
        ]
      },
      {
        "date" : 721625671.694304,
        "title" : "Untitled",
        "transform" : [
          0.9985467,
          -4.1944466e-09,
          -0.05389115,
          0,
          0.013744499,
          0.96692985,
          0.25467163,
          0,
          0.052108884,
          -0.25504208,
          0.9655248,
          0,
          0.25874722,
          5.1550436,
          4.7558475,
          1
        ]
      },
      {
        "date" : 721625654.424888,
        "title" : "Untitled",
        "transform" : [
          0.858568,
          -2.8255442e-09,
          -0.5126996,
          0,
          -0.28673378,
          0.8289904,
          -0.48016506,
          0,
          0.42502296,
          0.5592628,
          0.71174467,
          0,
          1.0490632,
          7.6545973,
          2.8153546,
          1
        ]
      },
      {
        "date" : 721625615.288034,
        "title" : "Untitled",
        "transform" : [
          0.9993991,
          -1.7815878e-09,
          -0.03465414,
          0,
          0.016811173,
          0.8744515,
          0.4848214,
          0,
          0.030303376,
          -0.48511267,
          0.8739264,
          0,
          0.19862056,
          4.389701,
          4.624199,
          1
        ]
      },
      {
        "date" : 721625599.107446,
        "title" : "Untitled",
        "transform" : [
          0.99999225,
          -1.556525e-11,
          -0.003935861,
          0,
          -0.0035627536,
          0.42497775,
          -0.90519685,
          0,
          0.0016726506,
          0.9052039,
          0.42497432,
          0,
          0.096027255,
          8.4855175,
          2.3561268,
          1
        ]
      }
    ],
    "32BDEAE5-0742-4AD2-9BED-4353A21B4D3A" : [
      {
        "date" : 718090659.281675,
        "title" : "Untitled",
        "transform" : [
          0.99779266,
          3.3253622e-10,
          0.066406116,
          0,
          0.024909463,
          0.92698115,
          -0.37427992,
          0,
          -0.06155722,
          0.3751079,
          0.924935,
          0,
          0.75561076,
          2.3446207,
          -0.26032722,
          1
        ]
      },
      {
        "date" : 718090403.350093,
        "title" : "Untitled",
        "transform" : [
          1,
          0,
          0,
          0,
          0,
          0.86580634,
          -0.5003792,
          0,
          0,
          0.5003792,
          0.86580634,
          0,
          0.8706025,
          2.5695026,
          -0.5014552,
          1
        ]
      },
      {
        "date" : 718090401.957694,
        "title" : "Untitled",
        "transform" : [
          1,
          0,
          0,
          0,
          0,
          0.86580634,
          -0.5003792,
          0,
          0,
          0.5003792,
          0.86580634,
          0,
          0.8706025,
          2.5695028,
          -0.5014553,
          1
        ]
      },
      {
        "date" : 718090392.743199,
        "title" : "Untitled",
        "transform" : [
          1,
          0,
          0,
          0,
          0,
          0.86580634,
          -0.5003792,
          0,
          0,
          0.5003792,
          0.86580634,
          0,
          0.8706027,
          2.569503,
          -0.50145435,
          1
        ]
      },
      {
        "date" : 718090362.759806,
        "title" : "Untitled",
        "transform" : [
          1,
          0,
          0,
          0,
          0,
          0.86580634,
          -0.5003792,
          0,
          0,
          0.5003792,
          0.86580634,
          0,
          0.5589324,
          5.560131,
          6.4745083,
          1
        ]
      }
    ],
    "50DF93FA-BA06-422C-8480-6B08A2B5A66D" : [
      {
        "date" : 716780466.825512,
        "title" : "Untitled",
        "transform" : [
          1,
          0,
          0,
          0,
          0,
          0.8660254,
          -0.5,
          0,
          0,
          0.5,
          0.8660254,
          0,
          0,
          0.21593873,
          0.3740169,
          1
        ]
      }
    ],
    "65B3C09B-D4AC-4D05-BD8B-C8D69AD38A22" : [
      {
        "date" : 716782496.798499,
        "title" : "Untitled",
        "transform" : [
          0.94249636,
          -2.009171e-05,
          0.33421645,
          0,
          0.06479541,
          0.9810377,
          -0.18266524,
          0,
          -0.3278753,
          0.193817,
          0.92462575,
          0,
          -0.19312191,
          0.014341759,
          0.5212327,
          1
        ]
      },
      {
        "date" : 716782491.379582,
        "title" : "Untitled",
        "transform" : [
          0.9424965,
          -2.0097128e-05,
          0.33421648,
          0,
          0.06479541,
          0.9810377,
          -0.18266524,
          0,
          -0.32787526,
          0.193817,
          0.9246258,
          0,
          -0.12250442,
          0.03372675,
          0.41302365,
          1
        ]
      },
      {
        "date" : 716782487.014021,
        "title" : "Untitled",
        "transform" : [
          0.997072,
          -2.009785e-05,
          0.076469794,
          0,
          0.043866374,
          0.8192556,
          -0.5717482,
          0,
          -0.062636815,
          0.5734285,
          0.8168577,
          0,
          -0.0065395813,
          0.20456336,
          0.38058433,
          1
        ]
      },
      {
        "date" : 716782477.648341,
        "title" : "Untitled",
        "transform" : [
          1,
          0,
          0,
          0,
          0,
          0.8660254,
          -0.5,
          0,
          0,
          0.5,
          0.8660254,
          0,
          -0.0065395813,
          0.20456336,
          0.38058433,
          1
        ]
      },
      {
        "date" : 716782474.555276,
        "title" : "Untitled",
        "transform" : [
          1,
          0,
          0,
          0,
          0,
          0.8660254,
          -0.5,
          0,
          0,
          0.5,
          0.8660254,
          0,
          0.0077488944,
          0.17632993,
          0.39688495,
          1
        ]
      },
      {
        "date" : 716782472.879342,
        "title" : "Untitled",
        "transform" : [
          1,
          0,
          0,
          0,
          0,
          0.8660254,
          -0.5,
          0,
          0,
          0.5,
          0.8660254,
          0,
          0.0019881353,
          0.15540718,
          0.40896472,
          1
        ]
      },
      {
        "date" : 716782471.081848,
        "title" : "Untitled",
        "transform" : [
          1,
          0,
          0,
          0,
          0,
          0.8660254,
          -0.5,
          0,
          0,
          0.5,
          0.8660254,
          0,
          0.0017052889,
          0.17328279,
          0.39864433,
          1
        ]
      },
      {
        "date" : 716782462.04345,
        "title" : "Untitled",
        "transform" : [
          1,
          0,
          0,
          0,
          0,
          0.8660254,
          -0.5,
          0,
          0,
          0.5,
          0.8660254,
          0,
          0,
          0.21593873,
          0.3740169,
          1
        ]
      }
    ],
    "8925AAD9-E250-416C-BD0D-1476345B3A22" : [
      {
        "date" : 722331192.08437,
        "title" : "Untitled",
        "transform" : [
          0.9997195,
          -1.7131956e-09,
          0.023684556,
          0,
          0.009720401,
          0.91190094,
          -0.41029516,
          0,
          -0.021597937,
          0.41041026,
          0.9116452,
          0,
          -0.010957666,
          2.0286252,
          0.64630365,
          1
        ]
      },
      {
        "date" : 722253604.941289,
        "title" : "Untitled",
        "transform" : [
          0.9997195,
          -1.7131956e-09,
          0.023684556,
          0,
          0.009720401,
          0.91190094,
          -0.41029516,
          0,
          -0.021597937,
          0.41041026,
          0.9116452,
          0,
          -0.048021622,
          1.6622145,
          0.8103789,
          1
        ]
      },
      {
        "date" : 722253599.625105,
        "title" : "Untitled",
        "transform" : [
          0.9989626,
          -1.3643133e-09,
          0.045539785,
          0,
          0.0075574596,
          0.9861337,
          -0.16578043,
          0,
          -0.044908285,
          0.16595253,
          0.9851107,
          0,
          -0.099577665,
          1.0060527,
          0.6896132,
          1
        ]
      },
      {
        "date" : 722253595.624672,
        "title" : "Untitled",
        "transform" : [
          0.7358673,
          -3.0733291e-09,
          0.6771258,
          0,
          0.2157164,
          0.9478971,
          -0.23443004,
          0,
          -0.6418456,
          0.31857648,
          0.6975266,
          0,
          -1.7338433,
          1.406055,
          0.103443265,
          1
        ]
      },
      {
        "date" : 722253592.425457,
        "title" : "Untitled",
        "transform" : [
          0.9988334,
          -2.4136257e-09,
          0.048289895,
          0,
          0.014105268,
          0.95638907,
          -0.2917548,
          0,
          -0.046183858,
          0.2920955,
          0.9552734,
          0,
          -0.11034251,
          1.3344389,
          0.77043617,
          1
        ]
      },
      {
        "date" : 722253571.424979,
        "title" : "Untitled",
        "transform" : [
          0.9988334,
          -2.4136257e-09,
          0.048289895,
          0,
          0.014105268,
          0.95638907,
          -0.2917548,
          0,
          -0.046183858,
          0.2920955,
          0.9552734,
          0,
          -0.098020084,
          1.3344389,
          0.771032,
          1
        ]
      },
      {
        "date" : 722253524.141667,
        "title" : "Untitled",
        "transform" : [
          0.99833226,
          -2.6036817e-09,
          0.057730526,
          0,
          0.020684412,
          0.93360937,
          -0.35769486,
          0,
          -0.05389769,
          0.35829234,
          0.9320524,
          0,
          -0.123779885,
          1.5153127,
          0.7957964,
          1
        ]
      },
      {
        "date" : 722253490.39483,
        "title" : "Untitled",
        "transform" : [
          0.99833226,
          -2.6036817e-09,
          0.057730526,
          0,
          0.020684412,
          0.93360937,
          -0.35769486,
          0,
          -0.05389769,
          0.35829234,
          0.9320524,
          0,
          -0.124238215,
          1.4946208,
          0.80372417,
          1
        ]
      },
      {
        "date" : 722253382.359992,
        "title" : "Untitled",
        "transform" : [
          0.99999523,
          -2.562384e-09,
          0.00311669,
          0,
          0.0010841315,
          0.93755144,
          -0.34784502,
          0,
          -0.0029219857,
          0.3478466,
          0.93754697,
          0,
          0.017953461,
          1.4655778,
          0.8038651,
          1
        ]
      },
      {
        "date" : 722253359.193964,
        "title" : "Untitled",
        "transform" : [
          0.7098144,
          -2.5982034e-09,
          0.7043888,
          0,
          0.33594,
          0.87894446,
          -0.33852762,
          0,
          -0.61911863,
          0.47692412,
          0.62388754,
          0,
          -1.82301,
          1.836471,
          0.07266474,
          1
        ]
      }
    ],
    "1811953E-20D8-406A-B350-AA033838F692" : [
      {
        "date" : 722297927.227342,
        "title" : "Untitled",
        "transform" : [
          0.9985449,
          3.587195e-10,
          -0.053926814,
          0,
          -0.0024311908,
          0.99898326,
          -0.04501751,
          0,
          0.053871986,
          0.0450831,
          0.99752957,
          0,
          0.0458479,
          0.06805538,
          0.8241144,
          1
        ]
      },
      {
        "date" : 722296990.055102,
        "title" : "Untitled",
        "transform" : [
          0.9985449,
          3.587195e-10,
          -0.053926814,
          0,
          -0.0024311908,
          0.99898326,
          -0.04501751,
          0,
          0.053871986,
          0.0450831,
          0.99752957,
          0,
          0.046492875,
          0.059800427,
          0.82445264,
          1
        ]
      },
      {
        "date" : 722296987.639269,
        "title" : "Untitled",
        "transform" : [
          0.9989693,
          5.4085647e-10,
          -0.04539038,
          0,
          0.00023400607,
          0.99998677,
          0.0051501472,
          0,
          0.045389775,
          -0.005155465,
          0.998956,
          0,
          0.03954144,
          0.018776089,
          0.8251163,
          1
        ]
      },
      {
        "date" : 722296971.162063,
        "title" : "Untitled",
        "transform" : [
          0.9999152,
          1.6514012e-12,
          -0.013020465,
          0,
          -0.004084529,
          0.949522,
          -0.31367397,
          0,
          0.012363221,
          0.31370053,
          0.94944143,
          0,
          0.012274414,
          0.2781372,
          0.7710546,
          1
        ]
      },
      {
        "date" : 722296860.101395,
        "title" : "Untitled",
        "transform" : [
          0.9997966,
          -6.547202e-11,
          -0.02016423,
          0,
          -0.0024532655,
          0.99257135,
          -0.12163943,
          0,
          0.020014439,
          0.12166414,
          0.9923695,
          0,
          0.018586326,
          0.12222354,
          0.81192875,
          1
        ]
      },
      {
        "date" : 722296747.610781,
        "title" : "Untitled",
        "transform" : [
          0.99999994,
          0,
          -0,
          0,
          -0,
          0.8660254,
          -0.49999994,
          0,
          0,
          0.49999994,
          0.8660254,
          0,
          0,
          0.20141698,
          0.34886447,
          1
        ]
      }
    ],
    "AF09ED6F-1707-48FD-8720-65B998362C09" : [
      {
        "date" : 716781665.371099,
        "title" : "Untitled",
        "transform" : [
          0.9999447,
          1.3980289e-10,
          -0.010520207,
          0,
          -0.0023258803,
          0.9752541,
          -0.22107472,
          0,
          0.010259874,
          0.22108696,
          0.9752001,
          0,
          0.062222254,
          1.4886403,
          -2.5715349,
          1
        ]
      },
      {
        "date" : 716781609.418817,
        "title" : "Untitled",
        "transform" : [
          0.9999447,
          -5.4508738e-11,
          -0.010520207,
          0,
          -0.0023258803,
          0.9752541,
          -0.22107473,
          0,
          0.010259874,
          0.22108698,
          0.9752001,
          0,
          0.01423344,
          0.9790396,
          1.3544528,
          1
        ]
      },
      {
        "date" : 716781300.836339,
        "title" : "Untitled",
        "transform" : [
          0.9999447,
          -1.2142892e-10,
          -0.010520207,
          0,
          -0.0023258806,
          0.9752541,
          -0.22107475,
          0,
          0.010259874,
          0.221087,
          0.9752001,
          0,
          -0.102526404,
          1.6579113,
          -0.7285178,
          1
        ]
      },
      {
        "date" : 716781296.819434,
        "title" : "Untitled",
        "transform" : [
          0.9999447,
          -1.2142892e-10,
          -0.010520207,
          0,
          -0.0023258806,
          0.9752541,
          -0.22107475,
          0,
          0.010259874,
          0.221087,
          0.9752001,
          0,
          -0.02116558,
          1.2362801,
          -0.6337857,
          1
        ]
      },
      {
        "date" : 716780545.803576,
        "title" : "Untitled",
        "transform" : [
          0.9999447,
          -1.2142892e-10,
          -0.010520207,
          0,
          -0.0023258806,
          0.9752541,
          -0.22107475,
          0,
          0.010259874,
          0.221087,
          0.9752001,
          0,
          -0.0037481561,
          1.6098269,
          -0.7186556,
          1
        ]
      },
      {
        "date" : 716780544.282593,
        "title" : "Untitled",
        "transform" : [
          0.9999447,
          -1.2142892e-10,
          -0.010520207,
          0,
          -0.0023258806,
          0.9752541,
          -0.22107475,
          0,
          0.010259874,
          0.221087,
          0.9752001,
          0,
          0.024721079,
          1.6590949,
          -0.73012495,
          1
        ]
      },
      {
        "date" : 716780537.017467,
        "title" : "Untitled",
        "transform" : [
          0.9999447,
          -1.2142892e-10,
          -0.010520207,
          0,
          -0.0023258806,
          0.9752541,
          -0.22107475,
          0,
          0.010259874,
          0.221087,
          0.9752001,
          0,
          0.023260914,
          1.2186518,
          -0.6302571,
          1
        ]
      },
      {
        "date" : 716780487.184875,
        "title" : "Untitled",
        "transform" : [
          1,
          0,
          0,
          0,
          0,
          0.8660258,
          -0.49999925,
          0,
          0,
          0.49999925,
          0.8660258,
          0,
          0,
          1.8552338,
          -0.8497896,
          1
        ]
      },
      {
        "date" : 716779968.821079,
        "title" : "Untitled",
        "transform" : [
          1,
          0,
          0,
          0,
          0,
          0.8660258,
          -0.49999925,
          0,
          0,
          0.49999925,
          0.8660258,
          0,
          0,
          3.699268,
          4.289982,
          1
        ]
      }
    ]
  },
  "selectedSceneRelativePath" : "newOpponent.usda"
}